Input 1
2
2
1
1
0 0.4 0.8 1
0.4 0 0.6 0.7
0.8 0.6 0 0.3
1 0.7 0.3 0

output 1
1 2
3 4


Input 2
2
2
3
1
0 0.0 0.8 0.9 0.2 0.1 1.0 0.8 0.2 0.3 0.8 0.8
0.0 0 0.8 1.0 0.2 0.1 0.8 0.9 0.2 0.2 0.8 1.0
0.8 0.8 0 0.1 0.8 0.9 0.2 0.2 0.7 0.9 0.0 0.2
0.9 1.0 0.1 0 0.7 0.9 0.0 0.2 0.9 0.9 0.1 0.1
0.2 0.2 0.8 0.7 0 0.1 0.8 1.0 0.3 0.2 0.9 0.7
0.1 0.1 0.9 0.9 0.1 0 0.8 0.9 0.1 0.2 0.8 0.9
1.0 0.8 0.2 0.0 0.8 0.8 0 0.0 0.9 0.8 0.1 0.0
0.8 0.9 0.2 0.2 1.0 0.9 0.0 0 0.8 0.9 0.2 0.0
0.2 0.2 0.7 0.9 0.3 0.1 0.9 0.8 0 0.2 0.8 0.8
0.3 0.2 0.9 0.9 0.2 0.2 0.8 0.9 0.2 0 0.8 0.9
0.8 0.8 0.0 0.1 0.9 0.8 0.1 0.2 0.8 0.8 0 0.3
0.8 1.0 0.2 0.1 0.7 0.9 0.0 0.0 0.8 0.9 0.3 0

output 2
1 2 | 5 6 | 9 10
3 4 | 7 8 | 11 12 